.Random.seed <-
c(403L, 64L, -1045398324L, -2013922990L, -147610850L, 737944424L, 
-1035362397L, -1926742594L, -1526836767L, 1150833760L, -995506492L, 
-1523448827L, 373872714L, -1177351775L, -212657392L, 1019409130L, 
1323519087L, -877348932L, -426154418L, -826805932L, 1399479341L, 
-1523524370L, -299136756L, -636585796L, 2023384083L, 404312794L, 
-130957094L, -889141281L, -1251538482L, -431584817L, 2039070859L, 
-1238221449L, 1500057154L, -1814348527L, -790433641L, -853504637L, 
826692589L, 52387801L, -1658229723L, -717013374L, -578025060L, 
1750388211L, 992826019L, 689386482L, 343380621L, 1010105453L, 
-198876084L, -1381550839L, 1484916138L, -852570977L, 1740270135L, 
-1384449256L, -1846170730L, 59449356L, -1510237101L, -1391551422L, 
-1813901224L, -1923350963L, -276938407L, 1118939899L, -478496308L, 
-329775236L, -1749448318L, 15759417L, -1821143301L, -1236806036L, 
-1602342728L, -825195982L, 744242237L, -1755466427L, 2069226595L, 
1898784354L, -1656585951L, 442894898L, 94264924L, -1890824248L, 
-727359737L, 1725228208L, -1296386437L, 342679817L, -49158161L, 
779139134L, -240148090L, -1316226167L, 496671833L, 1150046787L, 
141612285L, -1831285106L, 288229441L, -1422163580L, -1311493437L, 
1113420804L, -765148201L, 149208227L, 1168238550L, -1331339132L, 
-449492013L, -1761491602L, 4515015L, 1207727178L, -2119701103L, 
-700979853L, 910764442L, 992706568L, -1381945444L, -1758196361L, 
-1179502824L, -1975166310L, 987342699L, 483424985L, 1744194847L, 
-1264977817L, -138507957L, -189579109L, 1505793767L, 1301472482L, 
-114830189L, -272805842L, -1964172852L, -527892343L, -1122134557L, 
-1230724181L, 1951309927L, 516335834L, -28651436L, 1346281633L, 
-1621602507L, -2067039093L, -26512658L, -950249363L, -14852539L, 
276790000L, 1452816111L, 2101132720L, -1435211417L, 1484897747L, 
798569424L, -1708225824L, 643895125L, 623014777L, 865573194L, 
-2079048236L, 1550869091L, -1105327106L, -1138308304L, 1770413616L, 
758843969L, -721167299L, 1540048920L, 1906455076L, 496630684L, 
2091984948L, 695272171L, -250602019L, 281520573L, 428386560L, 
-1283324149L, 526529410L, -1726280353L, 1119201765L, -1264261837L, 
-1472327143L, 747099354L, -910803085L, 1904616053L, -481642831L, 
-17993928L, -5742798L, 1636074109L, 187412183L, 1728089086L, 
-707199992L, -316057795L, 1455184371L, -1637471771L, -1582491852L, 
-836095649L, -125025569L, 251414386L, 1671779969L, -1617544735L, 
-1050014623L, -1205598867L, -89293788L, 65611626L, -1358319943L, 
1453118591L, -401204823L, 991004795L, 441979930L, 1434431823L, 
1278967200L, 959025808L, 1964601182L, 407087532L, -834852711L, 
1231264059L, -986712149L, 917281972L, -15525028L, 2064759962L, 
1324237049L, 1773429554L, 906958275L, -554313987L, -527041444L, 
1210349204L, 1683627392L, 1287283476L, -2065900204L, -469420572L, 
551172098L, 1113294488L, -1101621215L, -1951810566L, 1872335828L, 
501123495L, -1954396314L, 1743318486L, -903965904L, 2066292979L, 
511714120L, -557278869L, -442502703L, -2006901172L, 1008231357L, 
1709497620L, -611246702L, 961227588L, -1848212628L, 105164558L, 
-202480504L, -1554439801L, -240608016L, -774774825L, -624114801L, 
-1924385023L, -1967980499L, -2135073816L, -232270942L, -666125505L, 
-787843781L, -363405031L, 803748670L, 44366537L, 1477048949L, 
2100331845L, -749014971L, -1146093338L, -1629412744L, 2111061837L, 
2019453492L, -1790474152L, -1530137831L, 670097922L, -1564745872L, 
-1076248916L, -1233528170L, -1376222501L, 1671286837L, -923269256L, 
702751126L, -410135527L, -1495863138L, -1026209343L, 2137124609L, 
-404315821L, -1285403321L, 1550330103L, 802878496L, -1585706566L, 
729753468L, -743963726L, 907870198L, 1406734987L, 1098187676L, 
1216606063L, 263584167L, -702205605L, 1336683835L, 140901157L, 
1545412555L, 1247249409L, -1967451119L, 42355335L, -716160641L, 
-801999655L, -1427358784L, 143105650L, 1973809657L, 1239997608L, 
224646907L, -1949905292L, 619579002L, 1324063254L, -1738907447L, 
176366185L, 1490353090L, -1015742805L, 331406522L, 232055673L, 
216987744L, 765548740L, -1578262513L, 750679154L, -1756222530L, 
982859775L, -1929036907L, 1985449254L, 753553233L, -1183296173L, 
-1006243946L, -943069798L, 1086760756L, -1564671544L, 247609315L, 
724959718L, -439183553L, 1166580347L, 2012061243L, 1480306458L, 
1604963938L, 318483608L, -1035026126L, -1498599742L, -800455221L, 
927423303L, 1769464297L, 1195911467L, 1787421917L, -1627041722L, 
1092213030L, 1080626058L, -2005752422L, 1746510200L, -1382051123L, 
-838029672L, -27133115L, 614870659L, 1181608062L, -845832976L, 
-319906358L, -413392554L, 1091328660L, 2121545235L, -1618531016L, 
-832266111L, -1392757317L, 831052299L, 1218920146L, 669362546L, 
-1975338839L, -2094861942L, 183222094L, 2093326098L, -1938877944L, 
-1044901652L, 1736269760L, 1587002389L, -1153492672L, 1071572555L, 
-1341970309L, -511398146L, 77904594L, 1766157652L, 537683760L, 
-1513403390L, 1431328190L, 428905370L, -1963465494L, -1361047999L, 
-39588113L, -1641952453L, -38601644L, 158238275L, 1459716528L, 
1692470879L, 1019242973L, 1702868877L, -664739524L, -678526491L, 
1481867525L, -2069053348L, 673422580L, -362047538L, 1375212708L, 
1218323305L, 92388628L, 100073204L, -887301794L, 1972040251L, 
286425850L, -1962434619L, -1065749961L, -574542188L, -702074146L, 
1089805069L, -1932540340L, 1018888928L, -1428708574L, 1930925356L, 
2044537575L, -1106057384L, -1963662500L, 1360351497L, 322860034L, 
-1344784757L, -1831139822L, 893939128L, -1728193398L, -1996447883L, 
-341106675L, -692815920L, -2041968404L, -1326387127L, -1991500546L, 
-1629007941L, -848009146L, 314763571L, -1851143584L, -1403636491L, 
1690948426L, 711308594L, 1255418418L, -1560710698L, 1765416805L, 
-1815132416L, -1519459829L, -1747158579L, -951928686L, -916724298L, 
-1002765336L, -217962940L, -249948938L, -675188910L, 886399251L, 
2061372767L, -927866165L, 513382513L, -534231505L, 1477773766L, 
-1498869721L, -526546481L, -1880828671L, -1898751433L, -1797726551L, 
261806981L, 1722638587L, 1090617795L, 1819650809L, -1576920836L, 
-1926326131L, 1305750607L, -116442693L, 1583763245L, 1887481960L, 
-223987367L, 1592743374L, 122646843L, 506360870L, -1241606408L, 
736741257L, -1029262590L, -1206576551L, 1678945364L, -1571386356L, 
1314591387L, -2136827370L, 1080680966L, -1451679883L, 554750841L, 
1056130334L, -1726953313L, -1841361408L, 736259312L, 1516265992L, 
-1088368348L, -283226535L, 1986077315L, -1236535285L, 581602971L, 
-1871367573L, 1980102045L, 861144328L, 258119558L, 2102440899L, 
895400481L, -561692299L, -2060093561L, -2005574724L, 950606090L, 
1666322272L, 365868370L, -1147837384L, -1854030820L, -928551991L, 
-1168863189L, -82112819L, 279312250L, 574654971L, -264452665L, 
678757272L, 2060811662L, -103712957L, 385052254L, 1386457870L, 
52296409L, -1730282501L, 225335749L, -559765229L, 1573324287L, 
1868742353L, -1305584417L, -1690905064L, 707679632L, 1219184551L, 
-1655155445L, -397638115L, 2048636270L, -27687663L, 1111743460L, 
-294371965L, -372419138L, -775189028L, -420030745L, 1875398726L, 
616547768L, 1186357169L, -733163878L, 1563557390L, 33074645L, 
622022200L, -1198834165L, 1648116789L, -642808174L, -1020838180L, 
668450866L, -1041091559L, -1007474489L, 163265701L, 180028L, 
933259570L, -534340578L, -125425665L, -1794393700L, -578474896L, 
-1176389735L, -1846284410L, -865222748L, 857166247L, -2052321574L, 
-338955174L, 510403543L, -1633830138L, 790070230L, 593508322L, 
-1156453022L, -1890774034L, 1954727411L, -1012462384L, -1722913936L, 
-239151319L, 1501402254L, 781244927L, 1059951959L, -1610779005L, 
-1073947316L, 1732247208L, 445064835L, 1167077621L, -1623469783L, 
935504053L, 464166708L, 1252089406L, -1438705372L, -429149825L, 
-1023863037L, 817153249L, 1898077227L, 495941338L, 1357648292L, 
876944811L, 1853669289L, 1637517326L, 1917591561L, 643766466L, 
-1493818633L, 1914298954L, 1494624866L, -1857975002L, -1730849390L, 
1604646097L, -1783911897L, 1411841260L, 1756790741L, 1252177443L, 
693583229L, 1399652998L, 599597236L, -1819124249L, 922066486L, 
